122,4
122,3
122,2
122,1
122,0
121,5
121,4
121,3
121,2
121,1
121,0
120,7
120,6
120,5
120,4
120,3
120,2
120,1
120,0
119,6
119,5
119,4
119,3
119,2
119,1
119,0
0,575
118,8
118,7
118,6
118,5
118,4
118,3
118,2
118,1
118,0
0,574
117,6
117,5
117,4
117,3
117,2
117,1
117,0
116,6
116,5
116,4
116,3
116,2
116,1
116,0
0,573
115,6
115,5
115,4
115,3
115,2
115,1
115,0
114,7
114,6
114,5
114,4
114,3
114,2
114,1
114,0
113,5
113,4
113,3
113,2
113,1
113,0
0,572
112,5
112,4
112,3
112,2
112,1
112,0
111,9
111,8
111,7
111,6
111,5
111,4
111,3
111,2
111,1
111,0
0,571
110,7
110,6
110,5
110,4
110,3
110,2
110,1
110,0
109,12
109,11
109,10
109,9
109,8
109,7
109,6
109,5
109,4
109,3
109,2
109,1
109,0
0,570
108,9
108,8
108,7
108,6
108,5
108,4
108,3
108,2
108,1
108,0
107,7
107,6
107,5
107,4
107,3
107,2
107,1
107,0
106,4
106,3
106,2
106,1
106,0
105,3
105,2
105,1
105,0
104,4
104,3
104,2
104,1
104,0
103,4
103,3
103,2
103,1
103,0
102,5
102,4
102,3
102,2
102,1
102,0
101,5
101,4
101,3
101,2
101,1
101,0
100,7
100,6
100,5
100,4
100,3
100,2
100,1
100,0
0,569
2,13
99,6
99,5
99,4
99,3
99,2
99,1
99,0
2,12
0,568
98,8
98,7
98,6
98,5
98,4
98,3
98,2
98,1
98,0
0,567
0,566
97,4
97,3
97,2
97,1
97,0
96,6
96,5
96,4
96,3
96,2
96,1
96,0
95,6
95,5
95,4
95,3
95,2
95,1
95,0
94,6
94,5
94,4
94,3
94,2
94,1
94,0
0,565
0,564
93,7
93,6
93,5
93,4
93,3
93,2
93,1
93,0
92,5
92,4
92,3
92,2
92,1
92,0
91,5
91,4
91,3
91,2
91,1
91,0
90,9
90,8
90,7
90,6
90,5
90,4
90,3
90,2
0,563
90,1
90,0
0,562
0,561
2,11
89,7
89,6
89,5
89,4
89,3
89,2
89,1
89,0
0,560
0,559
0,558
88,12
88,11
88,10
88,9
88,8
88,7
88,6
88,5
88,4
88,3
88,2
88,1
88,0
0,557
0,556
0,555
0,554
87,9
87,8
87,7
87,6
87,5
87,4
87,3
87,2
87,1
87,0
86,7
86,6
86,5
86,4
86,3
86,2
86,1
86,0
85,4
85,3
85,2
85,1
85,0
84,4
84,3
84,2
84,1
84,0
83,5
83,4
83,3
83,2
83,1
83,0
82,3
82,2
82,1
82,0
81,4
81,3
81,2
81,1
81,0
80,5
80,4
80,3
80,2
80,1
80,0
79,3
79,2
79,1
79,0
78,4
78,3
78,2
78,1
78,0
77,5
77,4
77,3
77,2
77,1
77,0
76,5
76,4
76,3
76,2
76,1
76,0
75,7
75,6
75,5
75,4
75,3
75,2
75,1
75,0
2,10
0,553
74,7
74,6
74,5
74,4
74,3
74,2
74,1
74,0
2,9
73,8
73,7
73,6
73,5
73,4
73,3
73,2
73,1
73,0
72,5
72,4
72,3
72,2
72,1
72,0
71,7
71,6
71,5
71,4
71,3
71,2
71,1
71,0
70,6
70,5
70,4
70,3
70,2
70,1
70,0
69,7
69,6
69,5
69,4
69,3
69,2
69,1
69,0
0,552
0,551
68,7
68,6
68,5
68,4
68,3
68,2
68,1
68,0
0,550
67,5
67,4
67,3
67,2
67,1
67,0
0,549
0,548
66,5
66,4
66,3
66,2
66,1
66,0
0,547
0,546
0,545
65,9
65,8
65,7
65,6
65,5
65,4
65,3
65,2
0,544
65,1
65,0
0,543
64,8
64,7
64,6
64,5
64,4
64,3
64,2
64,1
64,0
63,13
63,12
63,11
63,10
63,9
63,8
63,7
63,6
63,5
63,4
63,3
63,2
63,1
63,0
62,4
62,3
62,2
62,1
62,0
0,542
61,4
61,3
61,2
61,1
61,0
0,541
60,10
60,9
60,8
60,7
60,6
60,5
60,4
60,3
60,2
60,1
60,0
0,540
59,8
59,7
59,6
59,5
59,4
59,3
59,2
59,1
59,0
58,5
58,4
58,3
58,2
0,539
58,1
58,0
57,3
57,2
0,538
57,1
57,0
56,3
56,2
56,1
56,0
0,537
55,3
55,2
55,1
55,0
54,3
54,2
54,1
54,0
0,536
0,535
53,3
53,2
0,534
53,1
53,0
52,3
52,2
52,1
52,0
0,533
51,3
51,2
0,532
0,531
0,530
51,1
51,0
50,3
50,2
50,1
50,0
49,3
49,2
49,1
49,0
48,3
48,2
48,1
48,0
0,529
47,3
47,2
47,1
47,0
46,3
46,2
46,1
46,0
0,528
0,527
45,3
45,2
45,1
45,0
0,526
0,525
44,3
44,2
44,1
44,0
0,524
43,3
43,2
43,1
43,0
0,523
0,522
42,3
42,2
0,521
42,1
42,0
0,520
0,519
41,3
41,2
0,518
41,1
41,0
40,3
40,2
40,1
40,0
0,517
39,3
39,2
39,1
39,0
0,516
38,3
38,2
0,515
38,1
38,0
0,514
37,3
37,2
37,1
37,0
36,3
36,2
0,513
36,1
36,0
0,512
35,3
35,2
35,1
35,0
34,3
34,2
0,511
34,1
34,0
0,510
0,509
33,3
33,2
0,508
33,1
33,0
32,3
32,2
32,1
32,0
0,507
31,3
31,2
0,506
31,1
31,0
0,505
0,504
0,503
0,502
0,501
0,500
0,499
0,498
0,497
0,496
0,495
0,494
0,493
0,492
0,491
0,490
0,489
0,488
0,487
0,486
0,485
0,484
0,483
0,482
0,481
0,480
0,479
0,478
0,477
0,476
0,475
0,474
0,473
0,472
0,471
0,470
0,469
0,468
0,467
0,466
0,465
0,464
0,463
0,462
0,461
0,460
0,459
0,458
0,457
0,456
0,455
0,454
0,453
0,452
0,451
0,450
0,449
0,448
0,447
0,446
0,445
0,444
0,443
0,442
0,441
0,440
0,439
0,438
0,437
0,436
0,435
0,434
0,433
0,432
0,431
0,430
0,429
0,428
0,427
0,426
0,425
0,424
0,423
0,422
0,421
0,420
0,419
0,418
0,417
0,416
0,415
0,414
0,413
0,412
0,411
0,410
0,409
0,408
0,407
0,406
0,405
0,404
0,403
30,4
30,3
30,2
30,1
30,0
29,5
29,4
29,3
29,2
29,1
29,0
0,402
0,401
28,3
28,2
0,400
28,1
28,0
0,399
0,398
0,397
0,396
0,395
27,3
27,2
0,394
27,1
27,0
0,393
0,392
0,391
26,4
26,3
26,2
0,390
26,1
26,0
0,389
0,388
25,4
25,3
25,2
0,387
25,1
25,0
0,386
0,385
24,3
24,2
0,384
0,383
0,382
24,1
24,0
0,381
0,380
23,5
23,4
23,3
23,2
0,379
23,1
23,0
0,378
0,377
0,376
22,12
22,11
22,10
22,9
22,8
22,7
22,6
22,5
22,4
22,3
22,2
0,375
22,1
22,0
0,374
0,373
21,5
21,4
21,3
21,2
0,372
21,1
21,0
2,8
0,371
0,370
20,7
20,6
20,5
20,4
20,3
20,2
0,369
20,1
20,0
0,368
0,367
0,366
19,6
19,5
19,4
19,3
19,2
0,365
19,1
19,0
0,364
0,363
18,8
18,7
18,6
18,5
18,4
18,3
18,2
0,362
18,1
18,0
0,361
0,360
0,359
17,4
17,3
17,2
0,358
17,1
17,0
0,357
0,356
0,355
16,6
16,5
16,4
16,3
16,2
0,354
16,1
16,0
0,353
0,352
15,6
15,5
15,4
15,3
15,2
0,351
15,1
15,0
0,350
0,349
14,6
14,5
14,4
14,3
14,2
0,348
14,1
14,0
2,7
2,6
0,347
0,346
13,7
13,6
13,5
13,4
13,3
13,2
0,345
13,1
13,0
0,344
0,343
12,5
12,4
12,3
12,2
0,342
12,1
12,0
2,5
2,4
2,2
0,341
0,340
11,9
11,8
11,7
11,6
11,5
11,4
11,3
11,2
0,339
11,1
11,0
0,338
0,337
10,5
10,4
10,3
10,2
0,336
10,1
10,0
0,335
0,334
0,333
9,7
9,6
9,5
9,4
9,3
9,2
0,332
9,1
9,0
0,331
0,330
8,4
8,3
8,2
0,329
8,1
8,0
0,328
0,327
7,4
7,3
7,2
0,326
7,1
7,0
0,325
0,324
0,323
0,322
0,321
0,320
6,9
6,8
6,7
6,6
6,5
6,4
6,3
6,2
0,319
6,1
6,0
0,318
0,317
0,316
0,243
5,4
5,3
5,2
5,1
5,0
4,7
4,6
4,5
4,4
4,3
4,2
0,9
4,1
4,0
3,3
3,1
3,0
2,3
2,1
2,0
1,3
1,1
1,0
0,310
0,305
0,308
0,307
0,302
0,304
0,303
0,12
0,10
0,8
0,0
0,300
0,299
0,298
0,297
0,296
0,295
0,294
0,293
0,292
0,291
0,290
0,289
0,288
0,287
0,286
0,285
0,284
0,283
0,282
0,281
0,280
0,279
0,278
0,277
0,276
0,275
0,274
0,273
0,272
0,271
0,270
0,269
0,268
0,267
0,266
0,265
0,264
0,263
0,262
0,261
0,260
0,259
0,258
0,257
0,256
0,255
0,254
0,253
0,252
0,251
0,250
0,249
0,248
0,247
0,246
0,245
0,244
0,242
0,241
0,240
0,239
0,238
0,237
0,236
0,235
0,234
0,233
0,232
0,231
0,230
0,229
0,228
0,227
0,226
0,225
0,224
0,223
0,222
0,221
0,220
0,219
0,218
0,217
0,216
0,215
0,214
0,213
0,212
0,211
0,210
0,209
0,208
0,207
0,206
0,205
0,204
0,203
0,202
0,201
0,200
0,199
0,198
0,197
0,196
0,195
0,194
0,193
0,192
0,63
0,62
0,61
0,60
0,59
0,58
0,57
0,56
0,55
0,54
0,53
0,52
0,315
0,51
0,314
0,50
0,313
0,49
0,312
0,48
0,311
0,47
0,309
0,46
0,306
0,45
0,301
0,6
0,5
0,1
0,11
0,4
0,2
0,3
0,7
